Threshold, 0, 5, 10, 15, 20, 25, 30, 35, 40, 45, 50, 55, 60, 65, 70, 75, 80, 85, 90, 95, 100, 105, 110, 115, 120, 125, 130, 135, 140, 145, 150, 155, 160, 165, 170, 175, 180, 185, 190, 195, 200, 205, 210, 215, 220, 225, 230, 235, 240, 245, 250
n = 250000, 143.800000, 100.000000, 89.400000, 86.200000, 86.600000, 85.200000, 86.200000, 87.600000, 89.200000, 87.400000, 87.400000, 87.000000, 87.200000, 100.600000, 100.200000, 110.800000, 100.400000, 100.200000, 138.400000, 101.400000, 99.400000, 100.000000, 100.400000, 99.600000, 100.400000, 132.400000, 132.200000, 132.200000, 132.200000, 133.600000, 132.200000, 132.400000, 132.200000, 132.200000, 132.000000, 145.600000, 132.400000, 132.200000, 135.800000, 132.000000, 132.200000, 133.000000, 132.200000, 150.400000, 137.600000, 133.200000, 132.200000, 135.200000, 132.000000, 203.400000, 202.600000
n = 500000, 306.200000, 207.400000, 186.800000, 181.000000, 178.400000, 184.400000, 181.000000, 184.000000, 192.800000, 183.000000, 183.200000, 182.200000, 182.200000, 209.800000, 212.000000, 212.400000, 210.800000, 209.200000, 218.000000, 209.600000, 207.200000, 208.000000, 208.000000, 208.600000, 218.800000, 276.600000, 272.800000, 274.800000, 276.000000, 276.200000, 272.600000, 272.800000, 272.800000, 274.400000, 277.800000, 287.000000, 273.600000, 272.600000, 275.600000, 273.600000, 296.200000, 273.000000, 273.200000, 279.800000, 277.000000, 273.400000, 273.600000, 275.400000, 288.000000, 416.000000, 421.800000
n = 750000, 511.400000, 334.000000, 304.800000, 283.200000, 283.200000, 284.400000, 278.400000, 278.800000, 293.800000, 288.000000, 301.800000, 303.800000, 301.600000, 305.800000, 303.200000, 302.600000, 302.000000, 306.600000, 326.800000, 380.600000, 403.600000, 368.600000, 368.200000, 377.800000, 373.800000, 369.400000, 368.200000, 386.000000, 370.000000, 374.800000, 375.800000, 368.400000, 369.400000, 369.800000, 379.600000, 394.200000, 369.600000, 527.000000, 521.800000, 526.400000, 547.800000, 534.000000, 528.000000, 537.000000, 535.000000, 534.200000, 543.800000, 524.800000, 526.200000, 523.000000, 528.400000
n = 1000000, 577.400000, 434.400000, 400.200000, 382.800000, 398.400000, 379.400000, 384.000000, 391.200000, 386.800000, 386.600000, 384.000000, 384.000000, 384.600000, 441.200000, 440.200000, 441.600000, 442.400000, 475.600000, 443.000000, 436.200000, 493.400000, 436.200000, 434.000000, 434.600000, 437.800000, 570.800000, 567.000000, 576.200000, 565.200000, 570.000000, 574.800000, 565.800000, 573.200000, 582.000000, 597.600000, 595.800000, 567.600000, 592.400000, 583.400000, 566.800000, 578.000000, 573.800000, 565.600000, 576.600000, 586.600000, 587.200000, 580.000000, 576.000000, 576.800000, 871.200000, 864.600000