Threshold, 0, 5, 10, 15, 20, 25, 30, 35, 40, 45, 50, 55, 60, 65, 70, 75, 80, 85, 90, 95, 100, 105, 110, 115, 120, 125, 130, 135, 140, 145, 150, 155, 160, 165, 170, 175, 180, 185, 190, 195, 200, 205, 210, 215, 220, 225, 230, 235, 240, 245, 250
n = 250000, 258.200000, 168.200000, 152.400000, 145.400000, 144.000000, 144.600000, 145.000000, 145.800000, 147.800000, 146.200000, 145.800000, 144.600000, 144.600000, 168.800000, 167.000000, 165.400000, 181.000000, 153.200000, 149.600000, 148.200000, 148.800000, 150.400000, 150.200000, 149.400000, 149.200000, 202.600000, 196.200000, 196.000000, 200.400000, 196.400000, 195.800000, 218.200000, 202.000000, 194.400000, 195.800000, 197.600000, 196.800000, 202.200000, 197.000000, 200.800000, 202.200000, 196.200000, 195.800000, 193.600000, 195.600000, 196.200000, 195.400000, 197.000000, 205.200000, 300.200000, 300.200000
n = 500000, 482.400000, 355.400000, 320.000000, 306.000000, 304.000000, 303.000000, 306.800000, 310.200000, 311.200000, 308.400000, 307.000000, 308.600000, 303.400000, 352.000000, 349.000000, 343.400000, 352.200000, 311.400000, 308.200000, 306.600000, 310.600000, 310.800000, 312.000000, 309.800000, 321.000000, 421.200000, 416.200000, 404.400000, 406.200000, 404.400000, 407.000000, 458.600000, 404.800000, 405.000000, 407.000000, 407.600000, 411.600000, 408.200000, 407.400000, 413.600000, 417.000000, 404.000000, 402.600000, 401.000000, 403.400000, 405.000000, 406.200000, 408.800000, 409.000000, 616.400000, 614.800000
n = 750000, 763.600000, 571.200000, 522.800000, 479.600000, 484.800000, 473.600000, 477.400000, 475.800000, 472.400000, 475.600000, 504.400000, 503.000000, 504.400000, 522.600000, 508.000000, 502.800000, 465.800000, 450.200000, 447.000000, 548.000000, 618.200000, 552.000000, 549.800000, 560.400000, 619.200000, 566.400000, 555.200000, 554.800000, 552.800000, 553.200000, 552.800000, 577.200000, 554.600000, 551.600000, 611.200000, 552.000000, 553.800000, 807.600000, 795.600000, 801.200000, 804.400000, 773.200000, 773.600000, 800.200000, 778.000000, 774.200000, 811.800000, 791.800000, 786.200000, 868.600000, 782.400000
n = 1000000, 996.000000, 745.400000, 671.400000, 651.200000, 642.600000, 640.800000, 647.600000, 653.400000, 654.800000, 647.800000, 645.800000, 647.400000, 668.600000, 742.000000, 726.200000, 749.800000, 669.200000, 647.400000, 647.600000, 649.400000, 675.200000, 654.000000, 652.200000, 657.000000, 683.800000, 869.800000, 843.600000, 918.600000, 840.600000, 846.800000, 847.800000, 837.200000, 841.000000, 836.600000, 871.000000, 838.800000, 846.800000, 925.000000, 862.800000, 861.000000, 906.800000, 847.000000, 832.600000, 908.200000, 838.800000, 837.600000, 907.200000, 877.400000, 852.200000, 1256.400000, 1259.200000