Threshold, 1, 2, 3, 4, 5, 6, 7, 8, 9, 10, 11, 12, 13, 14, 15, 16, 17, 18, 19, 20, 21, 22, 23, 24, 25, 26, 27, 28, 29, 30, 31, 32, 33, 34, 35, 36, 37, 38, 39, 40, 41, 42, 43, 44, 45, 46, 47, 48, 49, 50
n = 250000, 4168608.000000, 4168642.000000, 4168728.000000, 4182053.400000, 4181962.200000, 4181805.000000, 4205359.000000, 4268544.200000, 4268373.800000, 4268301.000000, 4268062.400000, 4268257.200000, 4267875.400000, 4267404.800000, 4470343.400000, 4555744.600000, 4555076.200000, 4555848.200000, 4555575.600000, 4555922.600000, 4554797.200000, 4555744.200000, 4555658.600000, 4554992.200000, 4555831.600000, 4555670.000000, 4556582.000000, 4555818.600000, 4556164.200000, 4899396.200000, 5296259.200000, 5297674.800000, 5297258.800000, 5296205.200000, 5294318.200000, 5296989.000000, 5297339.200000, 5296347.800000, 5298090.800000, 5295290.000000, 5295106.400000, 5297398.200000, 5297250.800000, 5294960.200000, 5295654.800000, 5297039.000000, 5297356.600000, 5295913.400000, 5297400.000000, 5295263.000000
n = 500000, 8837006.400000, 8837211.800000, 8837091.000000, 8863846.000000, 8863515.000000, 8863989.000000, 8911118.600000, 9036273.600000, 9035561.800000, 9036658.600000, 9036178.600000, 9036508.400000, 9035684.000000, 9036386.800000, 9443852.400000, 9613332.000000, 9611715.600000, 9611632.600000, 9610993.000000, 9612146.800000, 9612458.000000, 9611136.400000, 9611826.800000, 9611483.000000, 9611245.200000, 9613100.400000, 9612750.400000, 9611076.800000, 9611203.600000, 10301692.000000, 11091963.000000, 11092788.800000, 11095331.400000, 11091348.200000, 11090894.800000, 11095083.200000, 11092895.200000, 11090050.800000, 11090986.400000, 11094450.600000, 11092320.800000, 11092887.200000, 11095232.600000, 11091783.200000, 11093473.200000, 11093538.800000, 11092837.000000, 11094959.800000, 11093995.000000, 11093759.200000
n = 750000, 13705182.800000, 13705158.000000, 13705492.400000, 13705128.200000, 13725320.400000, 13840383.000000, 13840557.600000, 13841019.800000, 13840250.600000, 13840423.000000, 14110913.400000, 14387677.000000, 14387592.800000, 14387687.400000, 14387621.000000, 14387905.200000, 14388917.000000, 14388622.000000, 14388620.400000, 14388008.400000, 14388205.400000, 14544553.200000, 15920655.200000, 15922613.000000, 15920033.800000, 15918592.400000, 15920925.400000, 15918393.000000, 15919959.400000, 15920630.200000, 15919287.800000, 15920577.800000, 15917764.600000, 15918359.200000, 15916602.400000, 15918094.800000, 15915902.200000, 15919714.200000, 15921484.200000, 15920313.800000, 15918704.600000, 15920353.200000, 15917855.600000, 15919693.200000, 16697201.200000, 19538851.800000, 19546499.200000, 19537888.000000, 19540643.200000, 19538504.000000
n = 1000000, 18673817.200000, 18674090.400000, 18673976.800000, 18727260.800000, 18727602.200000, 18728277.600000, 18820561.400000, 19073157.200000, 19072692.400000, 19072739.600000, 19072736.800000, 19071951.600000, 19072488.400000, 19072471.800000, 19886968.600000, 20223782.800000, 20226627.200000, 20221108.600000, 20222918.400000, 20222792.600000, 20223177.400000, 20222700.600000, 20223262.800000, 20223412.800000, 20222984.400000, 20224265.000000, 20225109.800000, 20223950.400000, 20223866.400000, 21598272.800000, 23190434.200000, 23185916.000000, 23187195.000000, 23184013.000000, 23185831.200000, 23187955.200000, 23189304.200000, 23185372.600000, 23186002.600000, 23189766.200000, 23184490.400000, 23184411.200000, 23181913.000000, 23188801.600000, 23185778.200000, 23185468.400000, 23189476.400000, 23186310.800000, 23187374.000000, 23183224.400000